a=753*5;