a=753*5;
lol=1234;